0.0213072
0.0494362
0.0683964
0.0771489
0.113208
0.163364
0.170448
0.182588
0.206557
0.208058
0.222347
0.272863
0.279501
0.420907
0.432944
0.500173
0.507562
0.559632
0.584693
0.596782
0.610494
0.619663
0.632234
0.641822
0.654179
0.657805
0.673897
0.684064
0.710024
0.731254
0.739205
0.752614
0.772241
0.779914
0.794341
0.795819
0.801366
0.808611
0.834328
0.851019
0.886484
0.888156
0.902357
0.903288
0.905011
0.929055
0.935198
0.941579
0.948171
0.962546
0.969286
0.981849
0.987507
1.00089
1.00978
1.01614
1.01911
1.04122
1.04257
1.04375
1.04614
1.05008
1.05175
1.05218
1.06525
1.06658
1.06667
1.06822
1.0724
1.07793
1.07822
1.083
1.09044
1.09056
1.09326
1.09529
1.09802
1.10241
1.10829
1.10912
1.11232
1.11265
1.11457
1.11687
1.12107
1.12141
1.12649
1.12686
1.127
1.13521
1.1362
1.13773
1.13902
1.1414
1.1425
1.14317
1.14447
1.14715
1.1493
1.15452
1.15535
1.16154
1.16205
1.16597
1.17325
1.17473
1.17597
1.17637
1.17657
1.17858
1.18345
1.18562
1.18708
1.18793
1.19691
1.19898
1.2006
1.20375
1.21131
1.21721
1.22062
1.22363
1.23277
1.24121
1.24218
1.24467
1.24628
1.24659
1.24716
1.25699
1.25831
1.26302
1.27268
1.27322
1.27705
1.28069
1.28438
1.2878
1.29063
1.29118
1.2917
1.29948
1.30345
1.30449
1.30964
1.31028
1.31122
1.31141
1.32172
1.32339
1.3264
1.3337
1.33669
1.33829
1.33858
1.33988
1.34185
1.34263
1.36
1.36182
1.3657
1.36587
1.36839
1.37989
1.39317
1.39424
1.40138
1.40238
1.40415
1.40994
1.41403
1.41647
1.41872
1.42172
1.42895
1.43343
1.43357
1.43557
1.45041
1.45407
1.45518
1.45758
1.4632
1.48351
1.49016
1.50595
1.5133
1.52659
1.52823
1.53481
1.54985
1.58476
1.59465
1.59676
1.60671
1.62925
1.6571
1.66214
1.72563
1.83154
1.94793
1.99666
2.11935
2.15147
2.45064
2.61325
2.84221
2.86197
2.88548
2.91127
2.99246
3.45272
3.57486
3.81812
4.22008
4.49233
4.71883
4.89394
6.27056
6.45564
6.45742
9.49512
9.54534
13.9692
14.4737
14.5055
28.9022
65.471
