0.178971
0.311691
0.377038
0.475968
0.568569
0.710378
0.86555
0.943073
0.945157
0.983437
0.99855
1.06068
1.0664
1.08064
1.08366
1.09879
1.14251
1.14653
1.16206
1.17004
1.17222
1.19915
1.19971
1.2028
1.22149
1.22689
1.22984
1.2313
1.23421
1.24509
1.24881
1.25271
1.25952
1.26011
1.27077
1.2779
1.28683
1.28696
1.30341
1.31143
1.31273
1.31366
1.31994
1.32646
1.32843
1.33001
1.33103
1.33277
1.33469
1.33475
1.33559
1.34861
1.35799
1.36164
1.36208
1.37659
1.38026
1.39108
1.39373
1.39575
1.39589
1.3984
1.39851
1.3998
1.40186
1.40297
1.40328
1.40552
1.40661
1.41493
1.41859
1.41882
1.42783
1.43475
1.43623
1.43692
1.43903
1.44216
1.44269
1.44397
1.44464
1.44553
1.44613
1.45663
1.45729
1.4637
1.46429
1.46485
1.47681
1.48418
1.48682
1.49006
1.49087
1.4952
1.49554
1.49621
1.50425
1.50969
1.51065
1.51477
1.51729
1.5184
1.52152
1.52984
1.53014
1.54036
1.54084
1.5475
1.55456
1.56017
1.56942
1.57438
1.5797
1.58137
1.58604
1.58782
1.58903
1.59038
1.59451
1.59778
1.60059
1.60234
1.60373
1.60741
1.61125
1.61914
1.62001
1.6225
1.62599
1.62612
1.63236
1.63456
1.65363
1.66139
1.68334
1.68887
1.69228
1.69613
1.69622
1.69691
1.70584
1.71236
1.71903
1.71973
1.72414
1.72629
1.73421
1.73462
1.73592
1.73716
1.7381
1.73858
1.7472
1.74854
1.75107
1.75534
1.75994
1.76798
1.77053
1.77984
1.7865
1.78672
1.78932
1.79278
1.79599
1.81528
1.81785
1.82912
1.83568
1.83631
1.84306
1.85495
1.85917
1.86152
1.86754
1.87606
1.87806
1.88415
1.88714
1.90379
1.90422
1.90908
1.90985
1.9125
1.91276
1.92085
1.93709
1.9408
1.94464
1.94643
1.95446
1.9587
1.98323
1.98476
1.9873
1.99977
2.00987
2.01559
2.01623
2.01985
2.02492
2.02601
2.04506
2.0531
2.05896
2.06665
2.08329
2.0898
2.09665
2.10088
2.10823
2.11272
2.1272
2.12762
2.13239
2.13243
2.14498
2.15828
2.19961
2.21745
2.23009
2.24914
2.26564
2.27636
2.30771
2.31567
2.32198
2.32813
2.34727
2.37233
2.37409
2.38252
2.38748
2.39992
2.45055
2.52986
2.53426
2.54015
2.5784
2.62059
2.66277
2.68112
2.71576
2.76157
2.78553
2.88971
3.48305
3.52863
3.8023
3.86883
4.82748
4.85455
4.87637
5.53954
7.49479
7.68619
7.78269
8.77254
9.23029
9.88954
13.738
