0.0956304
0.100312
0.100424
0.106735
0.120506
0.121826
0.123976
0.126109
0.127487
0.128944
0.131174
0.131935
0.132134
0.132566
0.133105
0.144839
0.147421
0.149596
0.150274
0.150519
0.150557
0.151295
0.152089
0.153016
0.156205
0.160767
0.160851
0.16339
0.166559
0.177322
0.177376
0.177622
0.178146
0.179205
0.179772
0.186261
0.186349
0.187827
0.188561
0.190499
0.190512
0.192577
0.194143
0.197928
0.201617
0.20748
0.21125
0.216884
0.229085
0.230156
0.238669
0.272158
0.287863
0.313662
0.317646
0.3297
0.336459
0.344784
0.346392
0.354163
0.363424
0.392346
0.39509
0.411904
0.430579
0.467618
0.500283
0.513629
0.592573
0.614902
0.629296
0.638643
0.652781
0.745739
0.76429
0.771767
0.79678
0.807762
0.868417
0.872398
0.875927
0.917269
0.926495
0.936596
0.979459
0.988435
0.99241
1.00766
1.03599
1.03765
1.04348
1.06084
1.07989
1.09679
1.10789
1.148
1.16193
1.16798
1.25454
1.30993
1.33388
1.34404
1.34564
1.36949
1.42929
1.71476
1.98148
3.84011
4.30206
4.91756
9.10983
