0.292055
0.336613
0.395416
0.501995
0.516737
0.528572
0.555874
0.556553
0.616449
0.626154
0.645527
0.677422
0.683161
0.711773
0.729158
0.775952
0.780516
0.78714
0.821251
0.827565
0.828938
0.829979
0.859748
0.866138
0.866427
0.867434
0.872773
0.87543
0.876412
0.880166
0.889545
0.893838
0.895118
0.896412
0.902781
0.909972
0.915449
0.9156
0.917056
0.921596
0.926207
0.929418
0.931885
0.944368
0.945166
0.947967
0.953115
0.953218
0.956037
0.959019
0.960639
0.964924
0.970149
0.979809
0.98284
0.98693
0.987065
0.987612
0.988274
0.988747
0.990219
0.990614
0.993598
0.994951
1.0058
1.0076
1.01001
1.01133
1.01151
1.01164
1.01204
1.01214
1.01253
1.0136
1.01537
1.02607
1.02622
1.02729
1.02846
1.03094
1.03141
1.0384
1.03861
1.03863
1.04178
1.04306
1.04366
1.04638
1.05613
1.05625
1.05668
1.05669
1.05876
1.06876
1.06957
1.06977
1.07001
1.07022
1.07218
1.07361
1.0804
1.08153
1.08197
1.0836
1.092
1.09567
1.09868
1.10454
1.10712
1.11353
1.11464
1.1147
1.11915
1.12287
1.12405
1.12437
1.12464
1.12658
1.12902
1.12919
1.13132
1.13252
1.13533
1.13667
1.14255
1.14327
1.14455
1.14752
1.15855
1.16035
1.16577
1.16987
1.17225
1.17316
1.17957
1.18203
1.18785
1.19013
1.19516
1.19687
1.19797
1.19993
1.20343
1.2048
1.2117
1.21465
1.21867
1.22271
1.22284
1.22901
1.23122
1.2399
1.24064
1.2471
1.24731
1.25134
1.2519
1.25574
1.26019
1.2612
1.26152
1.26714
1.26973
1.27153
1.27306
1.27527
1.27643
1.27985
1.28943
1.29331
1.29603
1.30406
1.30698
1.30883
1.31081
1.31513
1.31532
1.32054
1.32449
1.32547
1.33072
1.33766
1.33897
1.34233
1.34758
1.35394
1.35969
1.36449
1.36565
1.36657
1.36691
1.38472
1.38727
1.39589
1.40201
1.41528
1.42279
1.42726
1.43241
1.43284
1.43478
1.43749
1.43767
1.43829
1.43897
1.44535
1.45305
1.45621
1.46638
1.47163
1.47749
1.49573
1.49651
1.49944
1.50403
1.51974
1.52964
1.53164
1.53283
1.54691
1.55639
1.57172
1.57595
1.6199
1.63141
1.6847
1.69994
1.72236
1.78524
1.8935
1.98307
2.03629
2.07209
2.1869
2.22298
2.3523
2.41671
2.43805
2.55779
2.6413
2.91981
3.27747
3.45115
3.82753
3.93789
3.99732
4.79772
5.11117
6.34222
6.4182
6.67435
7.34707
7.3686
7.55789
7.99349
13.4009
14.0425
23.4804
