0.202555
0.383666
0.406301
0.432885
0.448597
0.455873
0.456314
0.678194
0.77145
0.777592
0.852041
0.858053
0.908997
0.919449
0.921498
0.934659
0.957123
0.957768
0.981934
1.00014
1.01516
1.01691
1.02315
1.0278
1.03861
1.04526
1.05859
1.06928
1.08539
1.10581
1.11122
1.11507
1.14293
1.15648
1.16157
1.16638
1.17299
1.17967
1.18573
1.2083
1.21749
1.21876
1.2294
1.24436
1.24987
1.25055
1.25841
1.25981
1.26065
1.26489
1.27228
1.27933
1.28154
1.28209
1.2982
1.31304
1.31316
1.31819
1.32342
1.34476
1.35071
1.36305
1.37963
1.38064
1.38473
1.39209
1.3927
1.39457
1.40364
1.40587
1.41203
1.41385
1.42322
1.43192
1.45013
1.47307
1.47456
1.47526
1.47692
1.47695
1.47734
1.4793
1.48001
1.49249
1.49706
1.49739
1.50055
1.50058
1.5046
1.5143
1.51581
1.51764
1.53336
1.53483
1.54014
1.54032
1.56162
1.56252
1.56778
1.56822
1.58524
1.59157
1.59167
1.59367
1.59516
1.59559
1.59587
1.60751
1.60805
1.60872
1.61336
1.6171
1.62239
1.63116
1.63382
1.65538
1.66231
1.67557
1.68058
1.68962
1.68976
1.6948
1.69682
1.69892
1.70255
1.71675
1.7209
1.73211
1.73226
1.74383
1.75193
1.75656
1.75757
1.75775
1.76392
1.76838
1.77938
1.78121
1.79073
1.79854
1.79859
1.805
1.80714
1.81275
1.8134
1.81581
1.82869
1.85328
1.85833
1.85871
1.88924
1.89553
1.90171
1.90361
1.90516
1.90609
1.92239
1.93242
1.94514
1.95333
1.96565
1.97657
1.98373
1.99056
1.99386
1.99439
2.0235
2.0263
2.07166
2.07189
2.0855
2.08581
2.10647
2.10914
2.11037
2.13672
2.16639
2.16969
2.18299
2.2627
2.29741
2.31451
2.33712
2.33971
2.34506
2.34923
2.37725
2.37933
2.39431
2.39614
2.41095
2.42887
2.44016
2.44533
2.45804
2.50421
2.50437
2.50622
2.52153
2.52772
2.57978
2.6109
2.61441
2.62601
2.64422
2.70056
2.99955
3.02078
3.05355
3.07783
3.12509
3.43982
3.68461
3.70409
3.71267
4.09615
4.50293
4.52087
5.00508
5.39017
5.42399
5.92236
6.20385
6.47086
8.83858
9.67022
13.9293
15.7771
39.1579
