0.0198332
0.020132
0.020351
0.0213778
0.0219626
0.0226556
0.0230961
0.0232164
0.0236275
0.0239167
0.0240057
0.0258194
0.0273824
0.0285508
0.0296366
0.0316394
0.0409462
0.0423082
0.044513
0.054948
0.0563302
0.0573825
0.0575442
0.0585797
0.0631843
0.0645526
0.0657904
0.0665191
0.0672464
0.0680118
0.0680306
0.0691794
0.0698128
0.0698571
0.0704742
0.0716928
0.0727193
0.0735052
0.0738765
0.0746124
0.0749191
0.0758307
0.0807213
0.0810315
0.0849919
0.0929092
0.0946461
0.095428
0.0956209
0.0985052
0.0996044
0.103834
0.108668
0.110432
0.128868
0.136539
0.138734
0.152317
0.158957
0.161164
0.167491
0.191607
0.200657
0.204311
0.205431
0.214099
0.239183
0.250159
0.274641
0.281197
0.288163
0.303033
0.323833
0.333366
0.339812
0.345366
0.415308
0.499388
0.531359
0.541989
0.60783
0.623358
0.640635
0.712868
0.730555
0.766078
0.828831
0.855312
0.865815
0.924197
0.944747
0.954406
0.998033
1.00706
1.06566
1.06794
1.11434
1.1209
1.20232
1.24546
1.27584
1.28121
1.32857
1.33867
1.35852
1.42631
1.4825
3.27026
4.27636
4.47191
4.83999
5.6601
5.84889
8.73957
8.91359
