0.127173
0.544994
0.556107
0.577447
0.662241
0.728343
0.844141
0.883556
0.923939
0.939289
0.971394
0.974345
0.987583
1.00198
1.06057
1.07592
1.07672
1.08241
1.12882
1.12947
1.14386
1.1501
1.16585
1.17023
1.18004
1.18153
1.18467
1.19929
1.20503
1.21195
1.22225
1.22563
1.24252
1.24546
1.24719
1.24838
1.25735
1.27285
1.27823
1.28112
1.28366
1.29325
1.29641
1.29644
1.29742
1.3002
1.30273
1.30563
1.31743
1.31773
1.3323
1.33444
1.34437
1.34769
1.35202
1.35466
1.35543
1.35545
1.35911
1.36262
1.36952
1.37005
1.37377
1.38526
1.39347
1.39449
1.39618
1.39627
1.39744
1.40409
1.40736
1.4158
1.41655
1.41721
1.42185
1.43272
1.43343
1.43775
1.44339
1.44598
1.44612
1.44845
1.4494
1.45705
1.45775
1.46877
1.47282
1.4751
1.47591
1.48078
1.48156
1.48264
1.48298
1.48909
1.49561
1.50075
1.50201
1.50437
1.50896
1.50936
1.5142
1.51786
1.51858
1.52418
1.52964
1.5311
1.53367
1.53906
1.54119
1.54909
1.55667
1.56076
1.56266
1.56839
1.57156
1.57225
1.57962
1.58761
1.58966
1.59538
1.59814
1.60201
1.60334
1.61
1.62139
1.64142
1.64167
1.64867
1.64901
1.65045
1.65496
1.65566
1.66258
1.66848
1.66874
1.67933
1.68806
1.69154
1.70521
1.70957
1.71519
1.71532
1.72364
1.72387
1.7278
1.73131
1.7319
1.73193
1.73287
1.73921
1.74503
1.75112
1.7521
1.75973
1.76096
1.76154
1.77187
1.77563
1.78143
1.79538
1.80315
1.80373
1.80861
1.81886
1.82289
1.83045
1.83728
1.84278
1.84751
1.85331
1.85398
1.85594
1.8577
1.8663
1.8842
1.88543
1.88799
1.88995
1.89314
1.90333
1.90372
1.94801
1.95588
1.95642
1.96502
1.96906
1.97337
1.9741
1.97732
1.98033
1.98104
1.99285
1.99445
1.99472
2.01799
2.02754
2.02928
2.03598
2.04024
2.04061
2.04175
2.05349
2.07876
2.07919
2.09072
2.09259
2.09727
2.09919
2.0997
2.10023
2.10645
2.1088
2.11743
2.13328
2.14065
2.1512
2.16544
2.17252
2.17444
2.17554
2.20262
2.22218
2.2396
2.243
2.26308
2.28398
2.29364
2.29404
2.30162
2.35101
2.38633
2.39633
2.41996
2.42579
2.43597
2.4376
2.43949
2.53026
2.61414
2.61771
2.6632
2.68906
2.80055
2.87471
3.02495
3.14186
3.20939
3.21976
3.4101
3.68864
4.29608
5.61688
6.15585
7.36661
7.81622
7.88182
8.71863
9.20074
9.22456
9.92531
13.5898
14.1162
