0.226242
0.229198
0.357607
0.395817
0.498131
0.536825
0.55432
0.572318
0.59684
0.610897
0.67267
0.675382
0.677961
0.68712
0.704781
0.757266
0.771529
0.77991
0.818802
0.824382
0.829893
0.838595
0.840062
0.866147
0.867957
0.868435
0.868792
0.871682
0.87556
0.883039
0.884235
0.884372
0.887968
0.888769
0.890616
0.90593
0.907002
0.907555
0.909839
0.913308
0.914054
0.916542
0.919605
0.922186
0.924833
0.935026
0.935772
0.936879
0.93951
0.940646
0.951938
0.964247
0.967318
0.972832
0.977346
0.982355
0.983001
0.983365
0.984577
0.990212
0.991385
0.991919
0.997076
0.997886
1.00056
1.00268
1.00551
1.00963
1.01015
1.01158
1.01174
1.01371
1.01404
1.01447
1.01534
1.01913
1.03154
1.03305
1.03383
1.03559
1.03703
1.03826
1.03958
1.04068
1.04078
1.04393
1.05006
1.0541
1.0594
1.06282
1.06388
1.07046
1.07112
1.07138
1.07199
1.07221
1.07334
1.07773
1.07777
1.07874
1.08321
1.08621
1.09543
1.10084
1.1025
1.10313
1.1051
1.1076
1.10879
1.11155
1.11727
1.1187
1.11946
1.12462
1.1267
1.12728
1.13317
1.13588
1.13829
1.13925
1.13966
1.14136
1.14538
1.15537
1.15744
1.16019
1.1622
1.16329
1.16405
1.16479
1.16565
1.17999
1.18105
1.18191
1.18225
1.18254
1.18487
1.18882
1.19407
1.19551
1.20049
1.20118
1.20347
1.20431
1.20576
1.20661
1.20805
1.21774
1.22032
1.22122
1.22316
1.22731
1.22824
1.22983
1.23234
1.23334
1.24188
1.24305
1.24767
1.24879
1.25883
1.27187
1.27796
1.28544
1.28588
1.29108
1.2914
1.29325
1.29365
1.29451
1.29556
1.29776
1.30525
1.30731
1.31383
1.31491
1.31571
1.31709
1.31783
1.31791
1.32322
1.32373
1.32977
1.33029
1.33182
1.33567
1.34004
1.34567
1.34598
1.34916
1.3504
1.35251
1.35469
1.36465
1.36493
1.37066
1.37507
1.37982
1.38256
1.38506
1.38619
1.41191
1.41363
1.41532
1.41865
1.41956
1.42146
1.4309
1.43585
1.44111
1.44707
1.45738
1.46001
1.48179
1.48276
1.48359
1.50281
1.50836
1.51009
1.51337
1.51686
1.53842
1.54437
1.58223
1.58558
1.61246
1.6169
1.62217
1.64941
1.68047
1.75601
1.90469
1.91039
2.00584
2.04224
2.06989
2.08061
2.10546
2.14091
2.29353
2.35683
2.45718
2.49161
2.72369
2.79537
2.9324
3.37497
3.71312
4.8647
5.54045
6.30843
6.7031
7.45154
7.5409
7.55615
7.94437
8.08739
13.358
13.891
23.5654
