0.017499
0.0423586
0.055541
0.0919402
0.0997872
0.144975
0.16363
0.181051
0.215051
0.247368
0.248481
0.290829
0.357492
0.398528
0.401911
0.402588
0.444364
0.448681
0.488438
0.505769
0.508873
0.536234
0.550643
0.562238
0.616373
0.624274
0.634854
0.643662
0.68407
0.694467
0.695688
0.70592
0.71972
0.777463
0.78088
0.782396
0.788364
0.794196
0.816539
0.834551
0.835035
0.860013
0.860806
0.861804
0.868566
0.870318
0.89292
0.921413
0.936398
0.952386
0.955183
0.965409
0.96914
0.969725
0.97715
0.984934
1
1.00916
1.01158
1.02089
1.03598
1.03707
1.03707
1.04395
1.04615
1.04784
1.04813
1.04916
1.05222
1.0606
1.06335
1.06791
1.07152
1.07534
1.08316
1.08358
1.09025
1.09269
1.09902
1.10118
1.10866
1.11108
1.12166
1.12169
1.12236
1.12329
1.12569
1.13604
1.13944
1.14023
1.14068
1.14283
1.14325
1.14404
1.14853
1.15061
1.1518
1.15309
1.15633
1.15854
1.1627
1.16298
1.1641
1.1643
1.16949
1.17002
1.17492
1.17936
1.18128
1.18285
1.18888
1.19212
1.19405
1.19577
1.19738
1.20237
1.20682
1.21262
1.21976
1.22484
1.22518
1.22647
1.23363
1.24292
1.24594
1.24701
1.24934
1.25023
1.25027
1.25372
1.2606
1.26075
1.26127
1.26412
1.26545
1.27045
1.27141
1.27575
1.28163
1.28514
1.28528
1.29275
1.29285
1.29815
1.29963
1.3014
1.30409
1.30531
1.30617
1.32006
1.32244
1.3246
1.33089
1.33098
1.3337
1.33644
1.33997
1.33997
1.34575
1.34639
1.35284
1.35509
1.35646
1.35952
1.36566
1.36569
1.36721
1.36754
1.36849
1.37114
1.3822
1.38309
1.38888
1.4073
1.42296
1.42297
1.4282
1.42925
1.43252
1.4396
1.44095
1.44601
1.44883
1.45294
1.47426
1.48499
1.48837
1.49105
1.51327
1.52553
1.53674
1.53737
1.55206
1.55557
1.57319
1.58195
1.58731
1.59381
1.61862
1.65594
1.66783
1.69017
1.69134
1.69657
1.77972
1.80089
1.81111
1.8405
1.88205
2.06195
2.19198
2.29719
2.41305
2.48197
2.77307
2.8999
3.04619
3.14215
3.23263
3.2696
3.40848
3.50195
3.94643
4.33307
4.36471
4.59052
4.60363
4.88109
5.26519
6.40071
9.10148
11.7445
14.3139
52.8587
58.337
