0.264839
0.2826
0.305765
0.349072
0.457868
0.493555
0.501057
0.6681
0.682912
0.720382
0.728479
0.763423
0.871006
0.87327
0.879885
0.905508
0.909257
0.917574
0.918872
0.921227
0.94635
0.948619
0.955921
0.96783
0.972677
0.984852
0.992837
0.997224
1.01775
1.02739
1.04292
1.04644
1.05412
1.05896
1.06564
1.08653
1.09389
1.10146
1.13176
1.14319
1.1432
1.1459
1.15938
1.17421
1.19275
1.19633
1.19956
1.20556
1.20984
1.2108
1.21508
1.21814
1.22576
1.22643
1.24301
1.24506
1.28081
1.28132
1.2878
1.29278
1.29586
1.30801
1.31695
1.33142
1.33525
1.36504
1.36747
1.3713
1.37513
1.37737
1.38898
1.40711
1.40785
1.42021
1.42226
1.43597
1.43627
1.44155
1.44392
1.45718
1.4583
1.45858
1.46578
1.47984
1.48173
1.48195
1.48392
1.48427
1.49055
1.49152
1.49871
1.50139
1.50165
1.52078
1.52155
1.52211
1.52242
1.52386
1.5254
1.52599
1.52862
1.52957
1.53057
1.53254
1.55074
1.55099
1.55901
1.56417
1.56814
1.58032
1.58099
1.58869
1.59289
1.59297
1.59943
1.60279
1.61145
1.61746
1.62273
1.62442
1.62584
1.62791
1.62819
1.63217
1.64496
1.65966
1.66379
1.68419
1.68664
1.70282
1.72336
1.7304
1.73924
1.75889
1.76527
1.76895
1.77346
1.77438
1.78471
1.794
1.80068
1.80396
1.80613
1.80986
1.81446
1.8208
1.82239
1.83342
1.84955
1.85014
1.85192
1.85698
1.89108
1.8942
1.89512
1.8963
1.89694
1.89694
1.91033
1.91679
1.92912
1.93122
1.93256
1.9424
1.94614
1.95051
1.96441
1.97975
2.00684
2.01574
2.03735
2.04042
2.06307
2.06355
2.11362
2.1485
2.21306
2.21566
2.24023
2.2408
2.24857
2.26891
2.28971
2.29054
2.29631
2.29962
2.30537
2.32399
2.34044
2.36937
2.40855
2.43575
2.43664
2.4424
2.44358
2.45912
2.47391
2.48399
2.50532
2.50851
2.51257
2.5296
2.53284
2.53515
2.59441
2.63643
2.68186
2.79006
2.86235
2.87913
2.92157
2.94379
2.98185
2.99196
3.03855
3.05502
3.18543
3.48648
3.57589
3.66616
4.45228
4.60665
4.80548
4.8783
5.04284
5.91695
6.10203
6.12139
6.18756
6.75997
7.13593
11.2158
12.9199
13.7453
18.8677
