0.0199197
0.0203945
0.0205783
0.0214703
0.0215472
0.022717
0.022725
0.0231471
0.023231
0.0234239
0.0237911
0.0254493
0.0261355
0.029399
0.0294771
0.0304145
0.038691
0.0409298
0.0444094
0.0546448
0.0561235
0.0561727
0.057338
0.0574955
0.06056
0.0608742
0.0617975
0.063922
0.0652698
0.0662311
0.0673388
0.068156
0.0687183
0.0687542
0.0689186
0.0699382
0.0705481
0.0708081
0.0735477
0.0745848
0.0752007
0.0760341
0.0779841
0.0791028
0.0810735
0.0840903
0.0912899
0.0920093
0.0933999
0.100806
0.101279
0.103246
0.104624
0.112944
0.114767
0.131587
0.134983
0.139972
0.153757
0.15864
0.159157
0.164919
0.193386
0.194634
0.194979
0.199391
0.219593
0.23691
0.243162
0.28498
0.28512
0.289282
0.292219
0.314736
0.332575
0.354217
0.36383
0.410754
0.497834
0.49793
0.518846
0.544814
0.609085
0.630131
0.690077
0.729938
0.767213
0.828745
0.858448
0.882008
0.899862
0.916052
0.921846
0.95225
0.961026
0.971663
1.07916
1.08424
1.12428
1.20472
1.20796
1.22216
1.25437
1.26998
1.34449
1.38124
1.39689
2.19887
3.17251
4.20322
4.49118
4.96318
4.98568
5.62532
5.93206
8.6453
8.88505
