0.0942514
0.097074
0.102196
0.114212
0.120999
0.121116
0.125549
0.127187
0.127227
0.127708
0.131942
0.132338
0.141649
0.146459
0.149437
0.14997
0.150651
0.150785
0.151201
0.151477
0.152999
0.154351
0.154606
0.154647
0.157158
0.159564
0.159875
0.160185
0.163534
0.165089
0.167896
0.167901
0.171085
0.174511
0.178947
0.180229
0.180298
0.180658
0.180939
0.182377
0.1831
0.187075
0.189879
0.191374
0.193338
0.195943
0.197797
0.209832
0.214363
0.220365
0.243685
0.247809
0.263193
0.268973
0.274837
0.29696
0.314
0.321895
0.326979
0.328773
0.343425
0.349616
0.3692
0.390743
0.408154
0.446945
0.461437
0.471006
0.518373
0.53554
0.576915
0.599182
0.623135
0.652316
0.663416
0.686898
0.737076
0.766465
0.8095
0.812133
0.82689
0.877499
0.904813
0.908479
0.917785
0.950666
0.961079
0.968152
0.970966
1.00151
1.00719
1.01244
1.04869
1.05049
1.07533
1.13605
1.16023
1.16099
1.18091
1.18352
1.24978
1.262
1.28246
1.30829
1.32383
1.35472
1.37206
1.41194
1.44252
1.6102
1.89518
3.15142
3.83003
4.69305
5.08282
8.9895
